yhat_R <- c(8.281008e+01, 4.039049e+02, 1.078888e+02, 1.342544e+02, 1.896465e+01, 1.877162e+02, 9.638789e+01, 1.150165e+02, 2.509499e+01, 5.353795e+01,
            1.750446e+02, 2.768933e+02, 2.105115e+02, 6.323050e+01, 2.271146e+02, 1.068365e+02, 4.397650e+00, 9.502679e+00, 7.780577e+00, 1.240131e+00,
            3.257555e+00, 2.753847e+00, 1.506768e+00, 1.310641e+01, 1.250531e+00, 2.042938e+00, 3.615439e+01, 7.282618e-01, 1.842435e+00, 4.566723e+00,
            1.373579e+00, 1.183914e+00, 6.299117e-01, 2.316360e+00, 3.875970e-01, 1.735946e+00, 1.093113e+00, 1.285933e+00, 2.337210e+00, 6.644972e-01,
            1.648275e+00, 8.578053e-01, 1.416184e+00, 4.451001e+02, 9.596852e+01, 3.852073e+02, 7.401112e+02, 7.383911e+05, 6.721569e+01, 6.793664e+02,
            1.822327e+02, 2.508154e+00, 7.521346e+00, 5.726705e+00, 9.556710e+00, 1.543850e+01, 8.649048e-01, 5.707003e+00, 1.709708e+01, 2.102955e+01,
            1.224000e+00, 2.027397e+00, 2.121852e+00, 3.405932e-02, 7.859997e-01, 1.313633e+01, 1.276603e+00, 2.295438e+01, 1.105075e+00, 7.125750e+01,
            6.843161e+00, 5.147960e-02, 5.625992e-01, 4.188853e-01, 2.117002e+01, 8.926239e-01, 6.321883e+00, 5.279598e+00, 7.517195e+00, 6.616454e+00,
            2.233010e+01, 5.131919e+01, 1.084134e+01, 5.819442e+00, 1.143726e+00, 9.795294e-01, 1.453831e+01, 7.529678e+00, 4.771942e+00, 3.083191e+00,
            9.914298e-01, 5.972191e+00, 5.298121e+00, 2.601514e+01, 4.626733e+00, 1.591698e+01, 3.415361e+00, 2.382942e+01, 7.171771e+00, 6.102714e+00,
            9.470607e+00, 9.964802e+00, 1.125367e+01, 2.370453e+00, 6.444614e+00, 5.635318e+00, 2.547691e+00, 5.191669e+00, 7.057011e+00, 1.196516e+01,
            1.265122e+01, 1.055545e+01, 6.908868e+00, 2.213905e+00, 9.010808e+00, 3.720550e+00, 7.842802e-01, 1.691101e+00, 1.097204e-01, 4.423523e+01,
            7.035677e+01, 7.663384e-01, 2.589712e+00, 2.022033e-01, 6.419123e+01, 1.550290e+02, 1.033571e+00, 2.444302e+03, 7.880586e+00, 8.097505e+01,
            6.941046e+00, 8.007244e+00, 1.197025e+02, 2.273130e+01, 2.776689e+01, 1.829004e+01, 2.233551e-01, 2.562467e-03, 2.055857e+00, 1.211066e+01,
            3.810155e+00, 3.697093e+00, 2.284848e-01, 6.462705e+00, 7.029473e+00, 9.237662e+00, 4.903943e+01, 1.722417e+00, 2.991709e-01, 1.099391e+00,
            7.213145e-01, 1.184752e+01, 8.545857e-04, 1.460716e+02, 1.971018e-02, 2.004955e-02, 4.262899e+01, 5.999765e-03, 1.474200e+01, 1.231580e-01,
            3.987784e+00, 1.246163e+01, 6.241526e+02, 2.701621e-01, 1.178633e+02, 5.601791e+00, 7.769549e-01, 3.625989e-01, 3.273460e+00, 1.082477e+01,
            8.161386e+00, 9.370935e-02, 8.183282e+00, 5.262106e+00, 9.086276e+00, 8.144254e-01, 3.027163e-01, 1.830929e+00, 9.818564e-01, 4.896039e-01,
            1.573237e+00, 3.144881e+00, 3.626453e-01, 1.397531e-03, 1.450232e+00, 1.552834e-02, 1.308783e-01, 2.169748e-01, 1.682721e-02, 2.511565e+00,
            7.527756e+00, 9.679979e-02, 1.583703e+00, 2.270275e-01, 2.340975e-02, 6.171051e-03, 3.512745e-04, 1.441364e+01, 5.408411e-01, 2.645168e-01,
            1.670963e+00, 3.031921e-01, 2.760325e-01, 1.055962e-01, 7.400331e+00, 7.088586e+00, 1.523853e+00, 1.216515e+01, 1.672345e+00, 4.192836e-02,
            3.047485e-01, 3.368606e-01, 3.362778e+01, 7.370406e+00, 2.728269e+00, 1.974226e+00, 6.652248e+00, 6.018317e+00, 5.539514e+00, 8.832456e+00,
            1.396483e+01, 7.660772e+00, 3.097252e+00, 6.777026e+00, 1.041792e+01, 8.765041e+00, 8.133822e+00, 9.160514e+00, 5.370733e+00, 1.630291e+01,
            1.050257e+01, 2.079923e+01, 1.178022e+01, 8.872511e+00, 2.316907e+01, 7.638790e+00, 8.621812e+00, 1.913440e+01, 1.010291e+01, 5.002123e+01,
            5.737643e+01, 6.071850e+01, 1.672518e+02, 5.754441e+02)

yhat_sas <- round(c(82.810079,
              403.9049,
              107.88879,
              134.25445,
              18.964646,
              187.7162,
              96.38789,
              115.01648,
              25.094987,
              53.537954,
              175.04456,
              276.89329,
              210.51153,
              63.230501,
              227.11465,
              106.83649,
              4.3976503,
              9.5026791,
              7.7805772,
              1.2401306,
              3.2575553,
              2.7538474,
              1.5067681,
              13.106406,
              1.2505311,
              2.0429378,
              36.154393,
              0.7282618,
              1.8424354,
              4.5667232,
              1.3735785,
              1.1839138,
              0.6299117,
              2.3163601,
              0.387597,
              1.7359458,
              1.0931134,
              1.2859325,
              2.3372104,
              0.6644972,
              1.6482752,
              0.8578053,
              1.4161843,
              445.10006,
              95.968517,
              385.20728,
              740.11122,
              738391.05,
              67.215693,
              679.3664,
              182.2327,
              2.5081538,
              7.5213458,
              5.7267055,
              9.5567097,
              15.438502,
              0.8649048,
              5.7070034,
              17.097075,
              21.029544,
              1.2239997,
              2.0273966,
              2.1218525,
              0.0340593,
              0.7859996,
              13.136325,
              1.2766029,
              22.954377,
              1.1050749,
              71.257503,
              6.843161,
              0.0514796,
              0.5625992,
              0.4188853,
              21.170023,
              0.8926239,
              6.3218826,
              5.2795981,
              7.5171946,
              6.616454,
              22.330096,
              51.319186,
              10.841339,
              5.8194424,
              1.1437256,
              0.9795294,
              14.538309,
              7.5296781,
              4.771942,
              3.0831908,
              0.9914298,
              5.972191,
              5.2981211,
              26.015139,
              4.6267333,
              15.916979,
              3.4153611,
              23.829419,
              7.1717707,
              6.1027142,
              9.4706069,
              9.964802,
              11.253674,
              2.3704531,
              6.4446139,
              5.6353178,
              2.5476908,
              5.1916688,
              7.0570113,
              11.965159,
              12.651224,
              10.55545,
              6.9088685,
              2.2139053,
              9.0108083,
              3.7205499,
              0.7842802,
              1.6911007,
              0.1097204,
              44.235233,
              70.356769,
              0.7663384,
              2.5897122,
              0.2022033,
              64.191235,
              155.02899,
              1.0335715,
              110251.73,
              7.8805863,
              80.975047,
              6.941046,
              8.0072436,
              119.70254,
              22.731302,
              27.766889,
              18.290036,
              0.2233551,
              0.0025625,
              2.0558568,
              12.110656,
              3.8101551,
              3.6970927,
              0.2284848,
              6.4627046,
              7.029473,
              9.2376615,
              49.039426,
              1.7224166,
              0.2991709,
              1.0993911,
              0.7213145,
              11.847519,
              0.0008546,
              146.07163,
              0.0197102,
              0.0200496,
              42.628994,
              0.0059998,
              14.742003,
              0.123158,
              3.9877837,
              12.461633,
              624.1526,
              0.2701621,
