yhat_sas <- c(44.491976,
              223.19995,
              48.66681,
              80.687418,
              19.953476,
              140.42425,
              58.089285,
              80.282091,
              17.365971,
              34.037785,
              86.887033,
              109.83486,
              95.132651,
              47.189257,
              75.904244,
              71.407582,
              4.7932814,
              4.1400986,
              6.2266898,
              1.1703466,
              4166.1668,
              5.655478,
              2.5099206,
              8.0112407,
              1.4029533,
              1.9612374,
              1.5332549,
              1.8314585,
              1.0023805,
              5.1720619,
              1.1952164,
              1.1200625,
              0.5774838,
              2.5705416,
              2.0337626,
              1.2220211,
              0.8008924,
              2.0536011,
              1.262982,
              0.5313201,
              4.8555479,
              0.9914489,
              1.6012996,
              480.61255,
              354.04907,
              9257.1943,
              562.08024,
              1327.0079,
              964.13724,
              1212.5254,
              126.00506,
              0.9848809,
              2.080391,
              2.6340899,
              7.2677555,
              14.871752,
              0.2663817,
              2.5765826,
              0.6918679,
              8.7568129,
              0.472389,
              0.9606404,
              0.8580289,
              0.0141912,
              0.1060323,
              4.3316389,
              0.6926615,
              13.077553,
              0.4046644,
              15.320389,
              9.3534006,
              0.0234865,
              0.4437986,
              1.6322847,
              13.339209,
              9.471799,
              4.5896911,
              5.9070974,
              11.075189,
              5.3648554,
              28.631409,
              14.683581,
              5.364502,
              6.1708741,
              1.376573,
              0.1789946,
              11.920695,
              6.5127882,
              4.4884258,
              3.9545085,
              1.1721988,
              7.7063883,
              5.0893528,
              21.374052,
              5.3068285,
              13.107503,
              4.0977451,
              18.034755,
              6.1613461,
              12.502112,
              9.6869006,
              12.398884,
              10.371276,
              2.0555141,
              6.5095304,
              4.0267182,
              4.4295044,
              5.7556957,
              5.6218564,
              6.0552691,
              30.809374,
              8.1641721,
              7.7908165,
              2.3294193,
              0.8050023,
              3.4885322,
              0.4794623,
              1.7057485,
              0.1054021,
              9.1391518,
              72.327756,
              2.0287013,
              4.7842186,
              0.2921212,
              91.629872,
              124.77443,
              1796.7396,
              424.47395,
              13.993479,
              64.362726,
              141.42195,
              8.0360983,
              67.730059,
              17.80632,
              28.335891,
              21.041757,
              0.2822703,
              0.003221,
              2.0493807,
              23.185347,
              6.373294,
              6.9772537,
              0.2757392,
              9.1341232,
              9.6413364,
              2.6720693,
              31.872996,
              0.0421301,
              0.0886625,
              0.4263149,
              0.630334,
              5612.3455,
              0.021078,
              102.08833,
              0.170191,
              0.1074009,
              40.832976,
              0.0623983,
              1.6668159,
              0.0706949,
              2.4334271,
              0.9593727,
              75.517524,
              3949.021,
              70.677246,
              5.8321334,
              0.856533,
              0.8191793,
              3.7509471,
              1.1749262,
              7.5062177,
              0.2069146,
              6.7167586,
              6.137893,
              4.1204101,
              0.2001002,
              0.1314859,
              1.1818244,
              0.3479839,
              0.0486889,
              1.0704292,
              1.4758472,
              0.544621,
              0.0517438,
              0.4134927,
              0.4070103,
              0.0644649,
              1.7493261,
              0.4339447,
              0.4256088,
              3.1853888,
              0.2131954,
              0.1625835,
              0.0842612,
              0.4517392,
              0.2857726,
              0.2120349,
              0.1187367,
              0.1159806,
              0.0669886,
              0.5060769,
              0.1821919,
              0.0878995,
              0.0077413,
              2.5367528,
              1.2346522,
              0.3490031,
              0.5260116,
              2.1033134,
              0.0247938,
              0.0153701,
              0.1044897,
              1.8584464,
              18.05165,
              3.0361188,
              3.2824472,
              7.2268028,
              6.445837,
              6.6734293,
              10.710605,
              15.636216,
              9.3962969,
              3.3899573,
              8.5552906,
              13.734278,
              10.144097,
              10.68881,
              9.8200142,
              7.419169,
              18.766762,
              17.805364,
              15.788034,
              12.089058,
              10.225894,
              17.679743,
              8.7673009,
              10.020701,
              19.959418,
              12.144467,
              21.944273,
              29.178881,
              33.072757,
              98.993926,
              169.29566)

