S_sas <- c(0.0123446,
  0.0064575,
  0.0007207,
  0.0647236,
  0.0207785,
  0.0047374,
  0.0004593,
  0.0221192,
  0.0074202,
  0.0073623,
  0.019098,
  0.0063589,
  0.0115588,
  0.0086257,
  0.0016939,
  0.008041,
  0.0589111,
  0.5570456,
  0.2746114,
  0.4090803,
  0.7328887,
  0.6853226,
  0.6630328,
  0.010838,
  0.1533499,
  0.1337442,
  0.0888922,
  0.5616886,
  0.01146,
  0.3211921,
  0.0981907,
  0.1184249,
  0.1446639,
  0.1336827,
  0.0287847,
  0.0744744,
  0.0517514,
  0.909602,
  0.0837901,
  0.0600963,
  0.894097,
  0.3048905,
  0.2073843,
  0.0053855,
  0.3230303,
  0.6191261,
  0.0674268,
  0.0063449,
  0.7557763,
  0.272243,
  0.0116697,
  0.0983909,
  0.1527365,
  0.1702296,
  0.4530037,
  0.7447512,
  0.6840077,
  0.6217685,
  0.0777283,
  0.4684355,
  0.2523726,
  0.2121146,
  0.1486235,
  0.0242775,
  0.1152786,
  0.2598617,
  0.1363621,
  0.2453857,
  0.1055011,
  0.3528499,
  0.6185544,
  0.0398294,
  0.129705,
  0.1645711,
  0.4779994,
  0.885426,
  0.85333,
  0.4056736,
  0.6085734,
  0.1099736,
  0.2873431,
  0.4584664,
  0.2286364,
  0.2706954,
  0.1406657,
  0.1312127,
  0.2015486,
  0.1695392,
  0.1172578,
  0.0726406,
  0.4493673,
  0.1846211,
  0.0931335,
  0.0397264,
  0.0542692,
  0.1074699,
  0.3429794,
  0.0002828,
  0.2144032,
  0.536556,
  0.0878998,
  0.1847186,
  0.0036529,
  0.1568224,
  0.1332328,
  0.3369841,
  0.6406687,
  0.3942708,
  0.1796842,
  0.3686745,
  0.5045859,
  0.3491798,
  0.110072,
  0.1073455,
  0.6069793,
  0.1214953,
  0.09698,
  0.1160727,
  0.1986557,
  0.9256156,
  0.4239715,
  0.7566961,
  0.6034332,
  0.6367951,
  0.4481642,
  0.0337677,
  0.6137381,
  0.4196234,
  0.1322223,
  0.1459173,
  0.5607095,
  0.0374015,
  0.4386105,
  0.1101339,
  0.5080445,
  0.4456757,
  0.1490319,
  0.0114514,
  0.0672412,
  0.7384888,
  0.052754,
  0.0604438,
  0.3543615,
  0.2201671,
  0.5463654,
  0.1393987,
  0.0202062,
  0.1268651,
  0.0925672,
  0.0168329,
  0.055812,
  0.4815612,
  0.973544,
  0.0023497,
  0.4924266,
  0.4852549,
  0.0191874,
  0.2187247,
  0.00283,
  0.0627619,
  0.7499003,
  0.0055422,
  0.1920872,
  0.0415502,
  0.003111,
  0.1726295,
  0.1359719,
  0.4087846,
  0.1803999,
  0.6650554,
  0.1070075,
  0.3345163,
  0.0781221,
  0.1853815,
  0.7344691,
  0.2012093,
  0.0588947,
  0.2792132,
  0.0834644,
  0.0474137,
  0.148451,
  0.2394052,
  0.1169952,
  0.0345878,
  0.2213802,
  0.0761361,
  0.0456457,
  0.187979,
  0.2904031,
  0.2132704,
  0.7404173,
  0.0537713,
  0.284,
  0.0468058,
  0.1390985,
  0.0731865,
  0.0914724,
  0.7106969,
  0.0909894,
  0.045106,
  0.0992403,
  0.07771,
  0.1066147,
  0.0125423,
  0.4900076,
  0.5398281,
  0.1274632,
  0.8866072,
  0.2609145,
  0.0415418,
  0.041111,
  0.05751,
  0.4679475,
  0.4169481,
  0.1255454,
  0.5481734,
  0.1628089,
  0.1727195,
  0.1007429,
  0.0891413,
  0.3282182,
  0.085285,
  0.2336709,
  0.334585,
  0.1926881,
  0.040012,
  0.1131761,
  0.0319624,
  0.2833235,
  0.0774958,
  0.3403773,
  0.2735483,
  0.2481116,
  0.2343914,
  0.1228605,
  0.1767101,
  0.1297239,
  0.1371133,
  0.0627497,
  0.2101143,
  0.2452774,
  0.0789353,
  0.0324717,
  0.0132882)

S_R <- c(
  0.0123445737, 0.0064575090, 0.0007207378, 0.0647235660, 0.0207785149, 0.0047373637, 0.0004592704, 0.0221192056, 0.0074202325, 0.0073623388,
  0.0190979904, 0.0063588574, 0.0115588044, 0.0086256651, 0.0016939421, 0.0080410113, 0.0589111308, 0.5570455666, 0.2746113985, 0.4090803196,
  0.7328886941, 0.6853226203, 0.6630327874, 0.0108379770, 0.1533499031, 0.1337442279, 0.0888922490, 0.5616885752, 0.0114600063, 0.3211920513,
  0.0981907228, 0.1184248616, 0.1446638561, 0.1336826758, 0.0287847155, 0.0744743747, 0.0517513875, 0.9096019602, 0.0837900816, 0.0600963398,
  0.8940969583, 0.3048904669, 0.2073842968, 0.0053855224, 0.3230303029, 0.6191260542, 0.0674267887, 0.0063448769, 0.7557762987, 0.2722429511,
  0.0116697000, 0.0983909119, 0.1527365424, 0.1702295647, 0.4530037179, 0.7447511655, 0.6840076859, 0.6217684581, 0.1203801497, 0.4684354694,
  0.2523725796, 0.2121146302, 0.1486234537, 0.0242775006, 0.1152785855, 0.2598616911, 0.1363621094, 0.2453857480, 0.1055010917, 0.3528498744,
  0.6185544435, 0.0398293730, 0.1297049679, 0.1645710836, 0.4779993608, 0.8854260293, 0.8533300377, 0.4056736378, 0.6085734002, 0.1099735908,
  0.2873430738, 0.4584663708, 0.2286364383, 0.2706954062, 0.1406657102, 0.1312126616, 0.2015486003, 0.1695391556, 0.1172577512, 0.0726406009,
  0.4493672732, 0.1846210742, 0.0931335128, 0.0397263523, 0.0542691802, 0.1074699012, 0.3429793658, 0.0002827804, 0.2144032422, 0.5365559707,
  0.0878998038, 0.1847186212, 0.0036529386, 0.1568223712, 0.1332328110, 0.3369841150, 0.6406687264, 0.3942707842, 0.1796842472, 0.3686745206,
  0.5045859388, 0.3491798182, 0.1100720328, 0.1073454758, 0.6069792945, 0.1214953312, 0.0969800028, 0.1160726615, 0.1986556599, 0.9256155895,
  0.4239715427, 0.7566960590, 0.6034332373, 0.6367951145, 0.4481641625, 0.0337677008, 0.6137381295, 0.4196234482, 0.1322223255, 0.1459173316,
  0.5607095259, 0.0374015014, 0.4386104813, 0.1101339202, 0.5080445404, 0.4456756792, 0.1490319124, 0.0114514422, 0.0672412065, 0.7384888376,
  0.0527539519, 0.0604437561, 0.3543614701, 0.2201671311, 0.5463654207, 0.1393986968, 0.0202062063, 0.1268650724, 0.0925672031, 0.0168329397,
  0.0558119650, 0.4815612034, 0.9735440486, 0.0023497355, 0.4924265799, 0.4852548777, 0.0191873823, 0.2187247414, 0.0028299758, 0.0627619397,
  0.7499003350, 0.0055422429, 0.1920872263, 0.0415502264, 0.0031110011, 0.1726295449, 0.1359718901, 0.4087845885, 0.1803998920, 0.6650553886,
  0.1070074754, 0.3345163060, 0.0781220725, 0.1853815285, 0.7344690985, 0.2012093089, 0.0588947127, 0.2792131765, 0.0834644328, 0.0474137312,
  0.1484509989, 0.2394052461, 0.1169952390, 0.0345878322, 0.2213801530, 0.0761361281, 0.0456457118, 0.1879790108, 0.2904030813, 0.2132704122,
  0.7404172543, 0.0537712965, 0.2840000020, 0.0468057633, 0.1390984721, 0.0731864920, 0.0914723571, 0.7106969600, 0.0909893727, 0.0451060194,
  0.0992402621, 0.0777100318, 0.1066146577, 0.0125422753, 0.4900075665, 0.5398280739, 0.1274632163, 0.8866072122, 0.2609145009, 0.0415418238,
  0.0411110331, 0.0575100271, 0.4679474533, 0.4169481154, 0.1255453506, 0.5481733794, 0.1628088652, 0.1727194592, 0.1007428622, 0.0891413372,
  0.3282182358, 0.0852850009, 0.2336709260, 0.3345849916, 0.1926880814, 0.0400120270, 0.1131760724, 0.0319623594, 0.2833235436, 0.0774958455,
  0.3403772626, 0.2735483382, 0.2481115880, 0.2343914413, 0.1228604843, 0.1767101173, 0.1297238766, 0.1371133404, 0.0627497258, 0.2101143075,
  0.2452773865, 0.0789352963, 0.0324716839, 0.0132882440
)

S_sas[which(S_sas!=round(S_R, 7))]
S_R[which(S_sas!=round(S_R, 7))]

